17042,5710,1346,289,60,30,20,6,2,2,0,0,1,0,0,0,0,1,0,0,1,0,0,0,0,0,0,0,0,0,0,0,0,0,0,0,0,0,0,0,0,0,0,0,0,0,0,0,0,0,0,0,0,0,0,0,0,0,0,0,0,0,0,0,0,0,0,0,0,0,0,0,0,0,0,0,0,0,0,0,0,0,0,0,0,0,0,0,0,0,0,0,0,0,0,0,0,0,0,0,0,0,0,0,0,0,0,0,0,0,0,0,0,0,0,0,0,0,0,0,0,0,0,0,0,0,0,0,0,0,0,0,0,0,0,0,0,0,0,0,0,0,0,0,0,0,0,0,0,0,0,0,0,0,0,0,0,0,0,0,0,0,0,0,0,0,0,0,0,0,0,0,0,0,0,0,0,0,0,0,0,0,0,0,0,0,0,0,0,0,0,0,0,0,0,0,0,0,0,0,0,0,0,0,0,0,0,0,0,0,0,0,0,0,0,0,0,0,0,0,0,0,0,0,0,0,0,0,0,0,0,0,0,0,0,0,0,0,0,0,0,0,0,0,0,0,0,0,0,0,0,0,0,0,0,0
5710,14438,7133,3133,1758,397,219,108,87,41,39,16,7,7,1,1,0,2,1,3,0,0,0,0,0,0,0,1,0,0,0,1,0,0,0,0,0,0,0,0,0,0,0,0,0,0,0,0,0,0,0,0,0,0,0,0,0,0,0,0,0,0,0,0,0,0,0,0,0,0,0,0,0,0,0,0,0,0,0,0,0,0,0,0,0,0,0,0,0,0,0,0,0,0,0,0,0,0,0,0,0,0,0,0,0,0,0,0,0,0,0,0,0,0,0,0,0,0,0,0,0,0,0,0,0,0,0,0,0,0,0,0,0,0,0,0,0,0,0,0,0,0,0,0,0,0,0,0,0,0,0,0,0,0,0,0,0,0,0,0,0,0,0,0,0,0,0,0,0,0,0,0,0,0,0,0,0,0,0,0,0,0,0,0,0,0,0,0,0,0,0,0,0,0,0,0,0,0,0,0,0,0,0,0,0,0,0,0,0,0,0,0,0,0,0,0,0,0,0,0,0,0,0,0,0,0,0,0,0,0,0,0,0,0,0,0,0,0,0,0,0,0,0,0,0,0,0,0,0,0,0,0,0,0,0,0
1346,7133,12586,6753,4259,2489,797,411,210,135,86,60,53,47,23,21,21,5,7,0,3,3,0,4,1,1,1,1,0,1,0,2,0,0,0,1,0,0,0,0,0,0,0,0,0,0,0,0,0,0,0,0,0,0,0,0,0,0,0,0,0,0,0,0,0,0,0,0,0,0,0,0,0,0,0,0,0,0,0,0,0,0,0,0,0,0,0,0,0,0,0,0,0,0,0,0,0,0,0,0,0,0,0,0,0,0,0,0,0,0,0,0,0,0,0,0,0,0,0,0,0,0,0,0,0,0,0,0,0,0,0,0,0,0,0,0,0,0,0,0,0,0,0,0,0,0,0,0,0,0,0,0,0,0,0,0,0,0,0,0,0,0,0,0,0,0,0,0,0,0,0,0,0,0,0,0,0,0,0,0,0,0,0,0,0,0,0,0,0,0,0,0,0,0,0,0,0,0,0,0,0,0,0,0,0,0,0,0,0,0,0,0,0,0,0,0,0,0,0,0,0,0,0,0,0,0,0,0,0,0,0,0,0,0,0,0,0,0,0,0,0,0,0,0,0,0,0,0,0,0,0,0,0,0,0,0
289,3133,6753,12344,8282,5682,2475,926,560,311,186,118,73,75,58,43,38,18,19,12,13,8,7,3,1,1,0,2,0,1,0,2,1,0,2,0,1,0,0,0,0,0,0,0,0,0,0,0,0,0,0,0,0,0,0,0,0,0,0,0,0,0,0,0,0,0,0,0,0,0,0,0,0,0,0,0,0,0,0,0,0,0,0,0,0,0,0,0,0,0,0,0,0,0,0,0,0,0,0,0,0,0,0,0,0,0,0,0,0,0,0,0,0,0,0,0,0,0,0,0,0,0,0,0,0,0,0,0,0,0,0,0,0,0,0,0,0,0,0,0,0,0,0,0,0,0,0,0,0,0,0,0,0,0,0,0,0,0,0,0,0,0,0,0,0,0,0,0,0,0,0,0,0,0,0,0,0,0,0,0,0,0,0,0,0,0,0,0,0,0,0,0,0,0,0,0,0,0,0,0,0,0,0,0,0,0,0,0,0,0,0,0,0,0,0,0,0,0,0,0,0,0,0,0,0,0,0,0,0,0,0,0,0,0,0,0,0,0,0,0,0,0,0,0,0,0,0,0,0,0,0,0,0,0,0,0
60,1758,4259,8282,18910,12112,7703,3540,1284,682,375,293,161,124,97,71,49,38,28,26,19,18,13,9,13,3,2,3,4,3,3,1,1,1,0,1,1,1,1,1,0,0,0,0,0,0,0,0,0,0,0,0,0,0,0,0,0,0,0,0,0,0,0,0,0,0,0,0,0,0,0,0,0,0,0,0,0,0,0,0,0,0,0,0,0,0,0,0,0,0,0,0,0,0,0,0,0,0,0,0,0,0,0,0,0,0,0,0,0,0,0,0,0,0,0,0,0,0,0,0,0,0,0,0,0,0,0,0,0,0,0,0,0,0,0,0,0,0,0,0,0,0,0,0,0,0,0,0,0,0,0,0,0,0,0,0,0,0,0,0,0,0,0,0,0,0,0,0,0,0,0,0,0,0,0,0,0,0,0,0,0,0,0,0,0,0,0,0,0,0,0,0,0,0,0,0,0,0,0,0,0,0,0,0,0,0,0,0,0,0,0,0,0,0,0,0,0,0,0,0,0,0,0,0,0,0,0,0,0,0,0,0,0,0,0,0,0,0,0,0,0,0,0,0,0,0,0,0,0,0,0,0,0,0,0,0
30,397,2489,5682,12112,26342,19437,9429,4882,1768,845,527,340,249,171,166,113,96,61,62,35,21,22,18,20,5,7,8,7,7,7,7,2,1,1,3,3,1,2,1,0,0,0,0,0,0,0,0,1,0,0,0,0,0,0,0,0,0,0,0,0,0,0,0,0,0,0,0,0,0,0,0,0,0,0,0,0,0,0,0,0,0,0,0,0,0,0,0,0,0,0,0,0,0,0,0,0,0,0,0,0,0,0,0,0,0,0,0,0,0,0,0,0,0,0,0,0,0,0,0,0,0,0,0,0,0,0,0,0,0,0,0,0,0,0,0,0,0,0,0,0,0,0,0,0,0,0,0,0,0,0,0,0,0,0,0,0,0,0,0,0,0,0,0,0,0,0,0,0,0,0,0,0,0,0,0,0,0,0,0,0,0,0,0,0,0,0,0,0,0,0,0,0,0,0,0,0,0,0,0,0,0,0,0,0,0,0,0,0,0,0,0,0,0,0,0,0,0,0,0,0,0,0,0,0,0,0,0,0,0,0,0,0,0,0,0,0,0,0,0,0,0,0,0,0,0,0,0,0,0,0,0,0,0,0,0
20,219,797,2475,7703,19437,53322,43161,14258,5478,2533,1271,796,488,359,291,218,168,131,115,77,66,47,30,22,16,18,12,10,9,5,10,5,0,2,5,3,2,0,0,5,1,0,1,1,0,2,0,0,0,1,0,0,1,0,0,0,1,0,0,0,0,0,0,0,0,0,0,0,0,0,0,0,0,0,0,0,0,0,0,0,0,0,0,0,0,0,0,0,0,0,0,0,0,0,0,0,0,0,0,0,0,0,0,0,0,0,0,0,0,0,0,0,0,0,0,0,0,0,0,0,0,0,0,0,0,0,0,0,0,0,0,0,0,0,0,0,0,0,0,0,0,0,0,0,0,0,0,0,0,0,0,0,0,0,0,0,0,0,0,0,0,0,0,0,0,0,0,0,0,0,0,0,0,0,0,0,0,0,0,0,0,0,0,0,0,0,0,0,0,0,0,0,0,0,0,0,0,0,0,0,0,0,0,0,0,0,0,0,0,0,0,0,0,0,0,0,0,0,0,0,0,0,0,0,0,0,0,0,0,0,0,0,0,0,0,0,0,0,0,0,0,0,0,0,0,0,0,0,0,0,0,0,0,0,0
6,108,411,926,3540,9429,43161,229034,169585,23770,7405,3740,2137,1335,896,671,500,370,259,211,162,133,78,79,50,35,29,26,13,10,11,9,9,8,4,2,1,2,5,3,1,1,3,1,1,0,2,3,2,1,0,1,2,0,0,0,0,0,0,0,0,0,0,0,0,0,0,0,0,0,0,0,0,0,0,0,0,0,0,0,0,0,0,0,0,0,0,0,0,0,0,0,0,0,0,0,0,0,0,0,0,0,0,0,0,0,0,0,0,0,0,0,0,0,0,0,0,0,0,0,0,0,0,0,0,0,0,0,0,0,0,0,0,0,0,0,0,0,0,0,0,0,0,0,0,0,0,0,0,0,0,0,0,0,0,0,0,0,0,0,0,0,0,0,0,0,0,0,0,0,0,0,0,0,0,0,0,0,0,0,0,0,0,0,0,0,0,0,0,0,0,0,0,0,0,0,0,0,0,0,0,0,0,0,0,0,0,0,0,0,0,0,0,0,0,0,0,0,0,0,0,0,0,0,0,0,0,0,0,0,0,0,0,0,0,0,0,0,0,0,0,0,0,0,0,0,0,0,0,0,0,0,0,0,0,0
2,87,210,560,1284,4882,14258,169585,2796370,1547375,36503,11056,5875,3432,2262,1600,1171,838,684,502,360,278,198,150,118,91,59,41,24,21,27,14,9,11,8,8,7,7,4,2,0,3,5,3,2,2,3,3,4,0,2,0,1,2,1,1,0,0,0,0,0,0,0,0,0,0,0,0,0,0,0,0,0,0,0,0,0,0,0,0,0,0,0,0,0,0,0,0,0,0,0,0,0,0,0,0,0,0,0,0,0,0,0,0,0,0,0,0,0,0,0,0,0,0,0,0,0,0,0,0,0,0,0,0,0,0,0,0,0,0,0,0,0,0,0,0,0,0,0,0,0,0,0,0,0,0,0,0,0,0,0,0,0,0,0,0,0,0,0,0,0,0,0,0,0,0,0,0,0,0,0,0,0,0,0,0,0,0,0,0,0,0,0,0,0,0,0,0,0,0,0,0,0,0,0,0,0,0,0,0,0,0,0,0,0,0,0,0,0,0,0,0,0,0,0,0,0,0,0,0,0,0,0,0,0,0,0,0,0,0,0,0,0,0,0,0,0,0,0,0,0,0,0,0,0,0,0,0,0,0,0,0,0,0,0,0
2,41,135,311,682,1768,5478,23770,1547375,26108048,1087708,75183,30744,15057,10344,5721,2976,2067,1599,1213,936,767,560,374,262,205,177,97,89,51,43,23,18,18,11,11,8,3,4,3,1,2,5,3,1,2,1,1,0,1,0,7,3,1,2,0,1,0,1,1,1,0,0,0,0,0,0,1,0,0,0,1,0,0,0,0,0,0,0,0,0,0,0,0,0,0,0,0,0,0,0,0,0,0,0,0,0,0,0,0,0,0,0,0,0,0,0,0,0,0,0,0,0,0,0,0,0,0,0,0,0,0,0,0,0,0,0,0,0,0,0,0,0,0,0,0,0,0,0,0,0,0,0,0,0,0,0,0,0,0,0,0,0,0,0,0,0,0,0,0,0,0,0,0,0,0,0,0,0,0,0,0,0,0,0,0,0,0,0,0,0,0,0,0,0,0,0,0,0,0,0,0,0,0,0,0,0,0,0,0,0,0,0,0,0,0,0,0,0,0,0,0,0,0,0,0,0,0,0,0,0,0,0,0,0,0,0,0,0,0,0,0,0,0,0,0,0,0,0,0,0,0,0,0,0,0,0,0,0,0,0,0,0,0,0,0
0,39,86,186,375,845,2533,7405,36503,1087708,3443352,720513,91983,36321,20756,14180,9213,6506,5103,3707,2866,1745,1197,973,763,517,470,360,247,223,165,111,65,47,25,14,19,9,6,5,1,3,2,1,1,1,2,3,2,1,2,2,0,2,3,3,1,1,0,0,1,3,0,0,0,0,0,0,0,0,0,0,0,0,0,0,0,0,0,0,0,0,0,0,0,0,0,0,0,0,0,0,0,0,0,0,0,0,0,0,0,0,0,0,0,0,0,0,0,0,0,0,0,0,0,0,0,0,0,0,0,0,0,0,0,0,0,0,0,0,0,0,0,0,0,0,0,0,0,0,0,0,0,0,0,0,0,0,0,0,0,0,0,0,0,0,0,0,0,0,0,0,0,0,0,0,0,0,0,0,0,0,0,0,0,0,0,0,0,0,0,0,0,0,0,0,0,0,0,0,0,0,0,0,0,0,0,0,0,0,0,0,0,0,0,0,0,0,0,0,0,0,0,0,0,0,0,0,0,0,0,0,0,0,0,0,0,0,0,0,0,0,0,0,0,0,0,0,0,0,0,0,0,0,0,0,0,0,0,0,0,0,0,0,0,0
0,16,60,118,293,527,1271,3740,11056,75183,720513,2142678,618510,109026,44999,19051,10059,6411,5052,4212,3149,2454,1778,1332,997,877,783,616,493,411,338,239,202,98,87,50,26,16,17,18,9,5,3,2,1,2,3,2,1,1,2,1,0,2,2,2,0,2,1,0,0,0,0,0,2,0,0,0,0,0,0,0,0,0,0,0,1,0,0,0,0,0,0,0,0,0,0,0,0,0,0,0,0,0,0,0,0,0,0,0,0,0,0,0,0,0,0,0,0,0,0,0,0,0,0,0,0,0,0,0,0,0,0,0,0,0,0,0,0,0,0,0,0,0,0,0,0,0,0,0,0,0,0,0,0,0,0,0,0,0,0,0,0,0,0,0,0,0,0,0,0,0,0,0,0,0,0,0,0,0,0,0,0,0,0,0,0,0,0,0,0,0,0,0,0,0,0,0,0,0,0,0,0,0,0,0,0,0,0,0,0,0,0,0,0,0,0,0,0,0,0,0,0,0,0,0,0,0,0,0,0,0,0,0,0,0,0,0,0,0,0,0,0,0,0,0,0,0,0,0,0,0,0,0,0,0,0,0,0,0,0,0,0,0,0,0
1,7,53,73,161,340,796,2137,5875,30744,91983,618510,1395756,347692,120787,56289,26041,12123,7307,5386,3775,3078,2514,2624,2524,1998,1584,1549,976,704,615,408,329,303,246,151,91,67,43,35,17,10,14,5,9,6,3,2,4,2,5,2,2,2,2,1,0,2,1,0,1,0,1,1,0,3,1,1,0,0,2,1,0,0,0,0,0,0,0,1,0,0,0,0,0,0,0,0,0,0,0,0,0,0,0,0,0,0,0,0,0,0,0,0,0,0,0,0,0,0,0,0,0,0,0,0,0,0,0,0,0,0,0,0,0,0,0,0,0,0,0,0,0,0,0,0,0,0,0,0,0,0,0,0,0,0,0,0,0,0,0,0,0,0,0,0,0,0,0,0,0,0,0,0,0,0,0,0,0,0,0,0,0,0,0,0,0,0,0,0,0,0,0,0,0,0,0,0,0,0,0,0,0,0,0,0,0,0,0,0,0,0,0,0,0,0,0,0,0,0,0,0,0,0,0,0,0,0,0,0,0,0,0,0,0,0,0,0,0,0,0,0,0,0,0,0,0,0,0,0,0,0,0,0,0,0,0,0,0,0,0,0,0,0,0,0
0,7,47,75,124,249,488,1335,3432,15057,36321,109026,347692,563970,263884,125110,59888,30162,14135,8250,5056,3810,3281,2656,2121,2032,1414,1064,1339,1243,1044,590,541,527,450,315,233,152,120,77,58,36,19,17,9,2,4,4,3,3,3,4,5,0,2,0,1,3,0,2,1,1,1,0,2,0,0,1,1,0,0,1,0,0,1,1,2,0,0,0,0,0,0,0,0,0,0,0,0,0,0,0,0,0,0,0,0,0,0,0,0,0,0,0,0,0,0,0,0,0,0,0,0,0,0,0,0,0,0,0,0,0,0,0,0,0,0,0,0,0,0,0,0,0,0,0,0,0,0,0,0,0,0,0,0,0,0,0,0,0,0,0,0,0,0,0,0,0,0,0,0,0,0,0,0,0,0,0,0,0,0,0,0,0,0,0,0,0,0,0,0,0,0,0,0,0,0,0,0,0,0,0,0,0,0,0,0,0,0,0,0,0,0,0,0,0,0,0,0,0,0,0,0,0,0,0,0,0,0,0,0,0,0,0,0,0,0,0,0,0,0,0,0,0,0,0,0,0,0,0,0,0,0,0,0,0,0,0,0,0,0,0,0,0,0,0
0,1,23,58,97,171,359,896,2262,10344,20756,44999,120787,263884,468068,266019,122250,60176,30638,15296,8680,5405,3608,3392,3756,2815,2056,1820,1303,1032,1250,1319,1296,1203,785,453,435,385,238,208,193,135,86,54,91,66,84,13,2,4,5,4,6,1,2,1,1,1,2,1,2,3,1,2,0,0,1,0,1,1,0,0,1,1,2,1,0,1,0,0,0,0,0,0,0,0,0,0,0,0,0,0,0,0,0,0,0,0,0,0,0,0,0,0,0,0,0,0,0,0,0,0,0,0,0,0,0,0,0,0,0,0,0,0,0,0,0,0,0,0,0,0,0,0,0,0,0,0,0,0,0,0,0,0,0,0,0,0,0,0,0,0,0,0,0,0,0,0,0,0,0,0,0,0,0,0,0,0,0,0,0,0,0,0,0,0,0,0,0,0,0,0,0,0,0,0,0,0,0,0,0,0,0,0,0,0,0,0,0,0,0,0,0,0,0,0,0,0,0,0,0,0,0,0,0,0,0,0,0,0,0,0,0,0,0,0,0,0,0,0,0,0,0,0,0,0,0,0,0,0,0,0,0,0,0,0,0,0,0,0,0,0,0,0,0,0
0,1,21,43,71,166,291,671,1600,5721,14180,19051,56289,125110,266019,483630,256028,122505,58984,29345,16442,9900,5821,4316,3301,2890,2734,2483,2146,1722,1500,1139,897,824,716,639,674,790,819,537,265,193,169,164,92,59,48,52,31,27,25,15,4,6,7,3,0,2,0,2,2,0,2,0,1,1,0,0,1,2,2,1,0,0,0,1,3,1,1,0,0,0,0,0,0,0,0,0,0,0,0,0,0,0,0,0,0,0,0,0,0,0,0,0,0,0,0,0,0,0,0,0,0,0,0,0,0,0,0,0,0,0,0,0,0,0,0,0,0,0,0,0,0,0,0,0,0,0,0,0,0,0,0,0,0,0,0,0,0,0,0,0,0,0,0,0,0,0,0,0,0,0,0,0,0,0,0,0,0,0,0,0,0,0,0,0,0,0,0,0,0,0,0,0,0,0,0,0,0,0,0,0,0,0,0,0,0,0,0,0,0,0,0,0,0,0,0,0,0,0,0,0,0,0,0,0,0,0,0,0,0,0,0,0,0,0,0,0,0,0,0,0,0,0,0,0,0,0,0,0,0,0,0,0,0,0,0,0,0,0,0,0,0,0,0,0
0,0,21,38,49,113,218,500,1171,2976,9213,10059,26041,59888,122250,256028,430306,241437,111281,53547,27244,16136,9596,6371,4537,3577,2982,2808,2693,2292,1802,1375,1071,882,884,822,677,591,481,511,520,337,286,216,131,114,68,62,41,33,25,27,13,13,7,4,2,3,3,5,1,0,2,4,1,1,2,0,1,0,4,1,1,1,0,0,0,0,0,0,0,1,1,0,0,1,0,0,0,0,0,0,0,0,0,0,0,0,0,0,0,0,0,0,0,0,0,0,0,0,0,0,0,0,0,0,0,0,0,0,0,0,0,0,0,0,0,0,0,0,0,0,0,0,0,0,0,0,0,0,0,0,0,0,0,0,0,0,0,0,0,0,0,0,0,0,0,0,0,0,0,0,0,0,0,0,0,0,0,0,0,0,0,0,0,0,0,0,0,0,0,0,0,0,0,0,0,0,0,0,0,0,0,0,0,0,0,0,0,0,0,0,0,0,0,0,0,0,0,0,0,0,0,0,0,0,0,0,0,0,0,0,0,0,0,0,0,0,0,0,0,0,0,0,0,0,0,0,0,0,0,0,0,0,0,0,0,0,0,0,0,0,0,0,0,0
1,2,5,18,38,96,168,370,838,2067,6506,6411,12123,30162,60176,122505,241437,371752,217787,98554,47435,26002,14705,9648,6095,4294,3672,3550,2965,2830,2367,2040,1623,1195,873,851,667,621,488,452,401,399,353,295,279,182,136,79,55,47,25,14,14,23,24,11,30,31,40,59,2,0,3,2,0,2,1,1,1,1,1,0,0,1,1,2,1,0,1,1,0,0,0,1,0,0,0,0,0,0,0,0,0,0,0,0,0,0,0,1,0,0,0,0,0,0,0,0,0,0,0,0,0,0,0,0,0,0,0,0,0,0,0,0,0,0,0,0,0,0,0,0,0,0,0,0,0,0,0,0,0,0,0,0,0,0,0,0,0,0,0,0,0,0,0,0,0,0,0,0,0,0,0,0,0,0,0,0,0,0,0,0,0,0,0,0,0,0,0,0,0,0,0,0,0,0,0,0,0,0,0,0,0,0,0,0,0,0,0,0,0,0,0,0,0,0,0,0,0,0,0,0,0,0,0,0,0,0,0,0,0,0,0,0,0,0,0,0,0,0,0,0,0,0,0,0,0,0,0,0,0,0,0,0,0,0,0,0,0,0,0,0,0,0,0,0
0,1,7,19,28,61,131,259,684,1599,5103,5052,7307,14135,30638,58984,111281,217787,340724,192583,86459,43799,23591,13948,8824,5779,4556,4002,3236,3107,2825,2484,2395,1937,1408,1048,803,926,760,634,558,381,413,412,335,308,257,180,114,75,61,28,35,32,9,9,9,20,18,26,20,23,13,4,2,0,5,0,0,1,2,1,0,2,3,0,1,0,1,0,1,1,1,0,0,1,0,0,1,1,1,1,0,0,0,0,0,0,0,0,0,0,0,0,0,0,0,0,0,0,0,0,0,0,0,0,0,0,0,0,0,0,0,0,0,0,0,0,0,0,0,0,0,0,0,0,0,0,0,0,0,0,0,0,0,0,0,0,0,0,0,0,0,0,0,0,0,0,0,0,0,0,0,0,0,0,0,0,0,0,0,0,0,0,0,0,0,0,0,0,0,0,0,0,0,0,0,0,0,0,0,0,0,0,0,0,0,0,0,0,0,0,0,0,0,0,0,0,0,0,0,0,0,0,0,0,0,0,0,0,0,0,0,0,0,0,0,0,0,0,0,0,0,0,0,0,0,0,0,0,0,0,0,0,0,0,0,0,0,0,0,0,0,0,0,0
0,3,0,12,26,62,115,211,502,1213,3707,4212,5386,8250,15296,29345,53547,98554,192583,326642,173728,81520,39498,22148,12861,8026,5408,4284,3389,3020,2680,2495,2426,2460,2287,1878,1507,1201,861,582,590,436,470,382,421,360,314,318,234,150,111,74,61,64,65,38,15,12,11,13,10,8,7,8,8,7,2,3,2,0,1,0,2,1,1,1,1,2,0,0,0,0,1,1,0,0,2,1,1,0,0,2,0,0,1,0,0,0,0,0,0,0,0,0,0,0,0,0,0,0,0,0,0,0,0,0,0,0,0,0,0,0,0,0,0,0,0,0,0,0,0,0,0,0,0,0,0,0,0,0,0,0,0,0,0,0,0,0,0,0,0,0,0,0,0,0,0,0,0,0,0,0,0,0,0,0,0,0,0,0,0,0,0,0,0,0,0,0,0,0,0,0,0,0,0,0,0,0,0,0,0,0,0,0,0,0,0,0,0,0,0,0,0,0,0,0,0,0,0,0,0,0,0,0,0,0,0,0,0,0,0,0,0,0,0,0,0,0,0,0,0,0,0,0,0,0,0,0,0,0,0,0,0,0,0,0,0,0,0,0,0,0,0,0,0,0
1,0,3,13,19,35,77,162,360,936,2866,3149,3775,5056,8680,16442,27244,47435,86459,173728,277856,151748,69349,37196,19762,11312,7297,4806,3345,2772,2457,2210,2100,2236,2191,2092,1946,1994,1566,1164,757,596,474,408,388,345,342,319,333,287,178,144,90,59,44,39,33,19,27,14,16,8,1,4,7,3,2,2,4,5,3,2,2,1,0,0,0,1,1,0,2,0,1,1,1,1,1,0,0,0,0,0,2,0,0,0,0,1,0,0,1,0,0,0,0,0,0,0,0,0,0,0,0,0,0,0,0,0,0,0,0,0,0,0,0,0,0,0,0,0,0,0,0,0,0,0,0,0,0,0,0,0,0,0,0,0,0,0,0,0,0,0,0,0,0,0,0,0,0,0,0,0,0,0,0,0,0,0,0,0,0,0,0,0,0,0,0,0,0,0,0,0,0,0,0,0,0,0,0,0,0,0,0,0,0,0,0,0,0,0,0,0,0,0,0,0,0,0,0,0,0,0,0,0,0,0,0,0,0,0,0,0,0,0,0,0,0,0,0,0,0,0,0,0,0,0,0,0,0,0,0,0,0,0,0,0,0,0,0,0,0,0,0,0,0,0
0,0,3,8,18,21,66,133,278,767,1745,2454,3078,3810,5405,9900,16136,26002,43799,81520,151748,248552,121099,63170,34194,19782,11130,7079,4601,3327,2657,2242,2037,1897,1864,1997,2083,1981,1790,1662,1323,967,798,619,521,415,365,330,292,338,310,262,194,144,57,43,42,17,29,39,26,26,28,11,6,22,8,2,9,2,3,12,7,5,0,0,1,0,2,1,0,3,2,0,0,2,0,0,2,3,1,1,0,0,0,1,1,0,0,0,1,1,0,0,1,0,1,0,0,1,0,0,0,0,0,0,0,0,0,0,0,0,0,0,0,0,0,0,0,0,0,0,0,0,0,0,0,0,0,0,0,0,0,0,0,0,0,0,0,0,0,0,0,0,0,0,0,0,0,0,0,0,0,0,0,0,0,0,0,0,0,0,0,0,0,0,0,0,0,0,0,0,0,0,0,0,0,0,0,0,0,0,0,0,0,0,0,0,0,0,0,0,0,0,0,0,0,0,0,0,0,0,0,0,0,0,0,0,0,0,0,0,0,0,0,0,0,0,0,0,0,0,0,0,0,0,0,0,0,0,0,0,0,0,0,0,0,0,0,0,0,0,0,0,0,0
0,0,0,7,13,22,47,78,198,560,1197,1778,2514,3281,3608,5821,9596,14705,23591,39498,69349,121099,162426,94424,49245,28576,17872,10789,6566,4195,3015,2261,1952,1903,1662,1754,1658,1780,1730,1589,1429,1253,1108,858,800,630,465,429,410,331,249,275,248,185,136,78,62,36,28,69,33,13,20,11,3,18,20,16,25,17,3,1,2,3,2,1,1,0,0,2,1,0,0,1,0,0,0,1,2,2,0,0,0,0,1,0,0,0,1,0,0,0,0,0,0,0,0,0,0,0,0,0,0,1,0,0,0,0,0,0,0,0,0,0,0,0,0,0,0,0,0,0,0,0,0,0,0,0,0,0,0,0,0,0,0,0,0,0,0,0,0,0,0,0,0,0,0,0,0,0,0,0,0,0,0,0,0,0,0,0,0,0,0,0,0,0,0,0,0,0,0,0,0,0,0,0,0,0,0,0,0,0,0,0,0,0,0,0,0,0,0,0,0,0,0,0,0,0,0,0,0,0,0,0,0,0,0,0,0,0,0,0,0,0,0,0,0,0,0,0,0,0,0,0,0,0,0,0,0,0,0,0,0,0,0,0,0,0,0,0,0,0,0,0,0,0
0,0,4,3,9,18,30,79,150,374,973,1332,2624,2656,3392,4316,6371,9648,13948,22148,37196,63170,94424,135074,76351,42197,25029,17039,10585,7358,4480,2962,2178,1828,1579,1580,1486,1569,1746,1799,1689,1499,1370,1060,964,971,870,799,601,531,418,307,281,234,220,186,111,60,49,48,58,44,16,30,25,42,8,4,6,4,13,6,1,6,2,3,2,2,1,1,3,0,1,1,0,0,0,4,2,2,2,0,1,0,0,0,0,1,2,1,1,1,0,0,1,0,0,0,0,0,0,0,0,0,1,0,0,0,0,0,0,0,0,0,0,0,0,0,0,0,0,0,0,0,0,0,0,0,0,0,0,0,0,0,0,0,0,0,0,0,0,0,0,0,0,0,0,0,0,0,0,0,0,0,0,0,0,0,0,0,0,0,0,0,0,0,0,0,0,0,0,0,0,0,0,0,0,0,0,0,0,0,0,0,0,0,0,0,0,0,0,0,0,0,0,0,0,0,0,0,0,0,0,0,0,0,0,0,0,0,0,0,0,0,0,0,0,0,0,0,0,0,0,0,0,0,0,0,0,0,0,0,0,0,0,0,0,0,0,0,0,0,0,0,0,0
0,0,1,1,13,20,22,50,118,262,763,997,2524,2121,3756,3301,4537,6095,8824,12861,19762,34194,49245,76351,105150,62907,35922,21841,14100,9870,7433,4618,2933,2064,1687,1458,1354,1416,1379,1581,1731,1741,1591,1246,986,878,910,908,809,673,504,469,314,269,289,254,189,120,66,48,33,26,46,25,38,34,44,5,13,6,4,3,4,8,3,1,0,2,1,2,1,2,1,3,0,0,0,1,2,2,1,1,0,0,1,0,0,1,0,0,0,1,1,0,0,0,0,0,0,0,0,0,0,0,1,0,0,1,0,0,0,0,0,0,0,0,0,0,0,0,0,0,0,0,0,0,0,0,0,0,0,0,0,0,0,0,0,0,0,0,0,0,0,0,0,0,0,0,0,0,0,0,0,0,0,0,0,0,0,0,0,0,0,0,0,0,0,0,0,0,0,0,0,0,0,0,0,0,0,0,0,0,0,0,0,0,0,0,0,0,0,0,0,0,0,0,0,0,0,0,0,0,0,0,0,0,0,0,0,0,0,0,0,0,0,0,0,0,0,0,0,0,0,0,0,0,0,0,0,0,0,0,0,0,0,0,0,0,0,0,0,0,0,0,0,0
0,0,1,1,3,5,16,35,91,205,517,877,1998,2032,2815,2890,3577,4294,5779,8026,11312,19782,28576,42197,62907,89096,52555,31315,18969,12682,8722,6636,4567,2864,2039,1581,1347,1315,1177,1303,1517,1623,1808,1550,1190,918,818,805,772,790,703,595,543,371,340,271,259,211,162,85,45,45,26,14,19,26,17,23,20,8,12,5,7,5,5,3,3,1,5,0,0,1,1,0,2,0,0,2,2,2,2,0,1,0,1,0,0,1,0,1,0,0,0,0,0,0,0,2,0,0,0,0,0,0,0,0,0,0,0,0,0,0,1,0,0,0,0,0,0,0,0,0,0,0,0,0,0,0,0,0,0,0,0,0,0,0,0,0,0,0,0,0,0,0,0,0,0,0,0,0,0,0,0,0,0,0,0,0,0,0,0,0,0,0,0,0,0,0,0,0,0,0,0,0,0,0,0,0,0,0,0,0,0,0,0,0,0,0,0,0,0,0,0,0,0,0,0,0,0,0,0,0,0,0,0,0,0,0,0,0,0,0,0,0,0,0,0,0,0,0,0,0,0,0,0,0,0,0,0,0,0,0,0,0,0,0,0,0,0,0,0,0,0,0,0,0
0,0,1,0,2,7,18,29,59,177,470,783,1584,1414,2056,2734,2982,3672,4556,5408,7297,11130,17872,25029,35922,52555,77040,46491,26487,16876,11580,7361,5383,3905,2640,1944,1608,1297,1191,1161,1109,1261,1614,1745,1540,1189,1018,775,771,725,703,760,691,707,562,419,381,324,259,183,105,67,56,29,15,17,17,15,13,16,14,17,8,7,5,4,6,7,5,6,27,3,0,1,4,0,2,1,2,1,1,0,0,0,0,1,0,0,0,0,1,0,0,0,0,0,1,1,0,0,1,1,0,0,0,0,0,0,0,0,1,0,0,0,0,0,0,0,0,0,0,0,0,0,0,0,0,0,0,0,0,0,0,0,0,0,0,0,0,0,0,0,0,0,0,0,0,0,0,0,0,0,0,0,0,0,0,0,0,0,0,0,0,0,0,0,0,0,0,0,0,0,0,0,0,0,0,0,0,0,0,0,0,0,0,0,0,0,0,0,0,0,0,0,0,0,0,0,0,0,0,0,0,0,0,0,0,0,0,0,0,0,0,0,0,0,0,0,0,0,0,0,0,0,0,0,0,0,0,0,0,0,0,0,0,0,0,0,0,0,0,0,0,0,0,0
0,1,1,2,3,8,12,26,41,97,360,616,1549,1064,1820,2483,2808,3550,4002,4284,4806,7079,10789,17039,21841,31315,46491,72788,40184,24261,15641,10232,6999,4681,3600,2525,1915,1610,1367,1219,1159,1094,1253,1622,1916,1504,1134,900,834,731,781,656,714,738,932,800,548,422,410,348,179,143,68,47,28,35,19,17,22,18,14,14,20,12,5,7,5,4,5,3,5,8,24,23,9,1,3,0,2,2,1,0,0,0,0,1,1,3,0,1,1,1,0,1,0,1,0,0,0,0,0,0,2,1,0,0,3,0,0,0,0,0,0,0,0,0,0,0,0,0,0,0,0,0,0,1,0,0,0,0,0,0,0,0,0,0,0,0,0,0,0,0,0,0,0,0,0,0,0,0,0,0,0,0,0,0,0,0,0,0,0,0,0,0,0,0,0,0,0,0,0,0,0,0,0,0,0,0,0,0,0,0,0,0,0,0,0,0,0,0,0,0,0,0,0,0,0,0,0,0,0,0,0,0,0,0,0,0,0,0,0,0,0,0,0,0,0,0,0,0,0,0,0,0,0,0,0,0,0,0,0,0,0,0,0,0,0,0,0,0,0,0,0,0,0,0
0,0,0,0,4,7,10,13,24,89,247,493,976,1339,1303,2146,2693,2965,3236,3389,3345,4601,6566,10585,14100,18969,26487,40184,57886,35078,21023,13133,8796,6106,4253,3133,2403,1981,1472,1278,1233,1080,1136,1178,1605,1703,1413,1100,898,752,700,661,583,566,573,702,824,582,448,390,344,224,130,72,34,36,34,42,40,19,22,11,8,15,3,6,7,5,6,1,8,3,4,8,21,7,2,3,3,1,3,0,0,0,2,1,2,1,1,1,0,1,0,0,0,1,0,0,1,1,1,1,0,0,0,1,0,0,0,0,0,0,0,0,1,1,0,0,0,0,0,0,0,0,0,0,0,0,0,0,0,0,0,0,0,0,0,0,0,0,0,0,0,0,0,0,0,0,0,0,0,0,0,0,0,0,0,0,0,0,0,0,0,0,0,0,0,0,0,0,0,0,0,0,0,0,0,0,0,0,0,0,0,0,0,0,0,0,0,0,0,0,0,0,0,0,0,0,0,0,0,0,0,0,0,0,0,0,0,0,0,0,0,0,0,0,0,0,0,0,0,0,0,0,0,0,0,0,0,0,0,0,0,0,0,0,0,0,0,0,0,0,0,0,0,0
0,0,1,1,3,7,9,10,21,51,223,411,704,1243,1032,1722,2292,2830,3107,3020,2772,3327,4195,7358,9870,12682,16876,24261,35078,54012,31550,18787,11949,7913,5637,3946,2869,2180,1799,1558,1281,1216,1233,1207,1308,1608,1603,1396,1080,846,662,669,620,579,565,604,744,882,683,472,396,386,227,131,76,38,26,20,25,29,27,23,14,20,10,17,7,8,24,20,16,5,10,4,4,5,4,23,4,1,1,3,1,1,2,0,0,0,2,0,0,0,1,1,1,1,0,0,2,1,0,0,0,0,1,0,0,1,0,0,0,0,0,0,0,0,0,0,0,0,0,0,0,0,0,0,0,0,0,0,0,0,0,0,0,0,0,0,0,0,0,0,0,0,0,0,0,0,0,0,0,0,0,0,0,0,0,0,0,0,0,0,0,0,0,0,0,0,0,0,0,0,0,0,0,0,0,0,0,0,0,0,0,0,0,0,0,0,0,0,0,0,0,0,0,0,0,0,0,0,0,0,0,0,0,0,0,0,0,0,0,0,0,0,0,0,0,0,0,0,0,0,0,0,0,0,0,0,0,0,0,0,0,0,0,0,0,0,0,0,0,0,0,0,0,0
0,0,0,0,3,7,5,11,27,43,165,338,615,1044,1250,1500,1802,2367,2825,2680,2457,2657,3015,4480,7433,8722,11580,15641,21023,31550,48132,26967,16724,10657,7141,4868,3476,2591,1975,1743,1645,1220,1165,1189,1261,1484,1465,1404,1342,1045,853,667,587,579,534,509,595,632,826,933,528,401,355,243,164,81,48,24,36,19,25,9,18,18,13,10,6,14,11,9,3,22,23,26,7,14,6,1,5,2,1,0,0,0,1,1,0,0,0,3,1,1,1,0,0,1,0,2,1,0,1,1,0,2,1,0,0,0,0,0,0,0,0,0,0,0,0,0,0,0,0,0,0,0,0,0,0,0,0,0,0,0,0,0,0,0,0,0,0,0,0,0,0,0,0,0,0,0,0,0,0,0,0,0,0,0,0,0,0,0,0,0,0,0,0,0,0,0,0,0,0,0,0,0,0,0,0,0,0,0,0,0,0,0,0,0,0,0,0,0,0,0,0,0,0,0,0,0,0,0,0,0,0,0,0,0,0,0,0,0,0,0,0,0,0,0,0,0,0,0,0,0,0,0,0,0,0,0,0,0,0,0,0,0,0,0,0,0,0,0,0,0,0,0,0,0
0,1,2,2,1,7,10,9,14,23,111,239,408,590,1319,1139,1375,2040,2484,2495,2210,2242,2261,2962,4618,6636,7361,10232,13133,18787,26967,40082,23398,14655,9348,6000,4336,3207,2410,1735,1583,1399,1260,1120,1163,1466,1591,1349,1237,1244,1032,815,665,585,555,478,504,551,564,745,835,628,414,315,281,138,73,40,35,28,21,17,12,20,7,21,10,8,8,7,6,7,18,21,23,21,3,8,11,3,4,1,4,0,2,1,2,0,0,1,2,3,1,0,1,0,0,0,0,0,0,0,1,1,0,0,0,0,0,0,0,1,0,0,1,0,0,0,0,0,0,0,0,0,0,0,0,0,0,0,0,0,0,1,0,0,1,0,0,0,0,0,0,0,0,0,0,0,0,0,0,0,0,0,0,0,0,0,0,0,0,0,0,0,0,0,0,0,0,0,0,0,0,0,0,0,0,0,0,0,0,0,0,0,0,0,0,0,0,0,0,0,0,0,0,0,0,0,0,0,0,0,0,0,0,0,0,0,0,0,0,0,0,0,0,0,0,0,0,0,0,0,0,0,0,0,0,0,0,0,0,0,0,0,0,0,0,0,0,0,0,0,0,0,0,0
0,0,0,1,1,2,5,9,9,18,65,202,329,541,1296,897,1071,1623,2395,2426,2100,2037,1952,2178,2933,4567,5383,6999,8796,11949,16724,23398,35168,21232,13200,8333,5687,4044,2740,2033,1676,1403,1383,1237,1279,1346,1512,1341,1220,1144,1098,1051,813,588,562,599,478,411,366,530,602,849,761,456,406,274,156,81,46,33,26,20,18,15,17,16,13,19,19,4,7,7,3,3,10,11,6,4,2,4,2,2,0,3,2,0,1,3,0,0,1,1,0,1,1,0,0,0,1,0,1,1,0,1,0,1,0,0,2,0,0,2,0,0,0,0,1,0,1,0,0,0,0,0,0,0,0,0,0,0,0,0,0,0,0,0,0,0,0,0,0,0,0,0,0,0,0,0,0,0,0,0,0,0,0,0,0,0,0,0,0,0,0,0,0,0,0,0,0,0,0,0,0,0,0,0,0,0,0,0,0,0,0,0,0,0,0,0,0,0,0,0,0,0,0,0,0,0,0,0,0,0,0,0,0,0,0,0,0,0,0,0,0,0,0,0,0,0,0,0,0,0,0,0,0,0,0,0,0,0,0,0,0,0,0,0,0,0,0,0,0,0,0,0,0,0
0,0,0,0,1,1,0,8,11,18,47,98,303,527,1203,824,882,1195,1937,2460,2236,1897,1903,1828,2064,2864,3905,4681,6106,7913,10657,14655,21232,30038,18974,11786,7103,4870,3499,2558,1872,1414,1310,1223,1312,1288,1477,1484,1329,1181,1099,1070,992,794,593,599,499,453,434,398,402,566,809,774,552,437,261,148,87,61,40,27,21,21,24,16,17,10,31,28,17,9,4,10,11,4,7,4,4,3,4,4,3,6,1,0,2,3,1,1,2,0,0,1,0,0,0,0,0,0,1,0,0,0,1,0,1,0,0,0,0,0,1,0,0,1,0,0,1,0,0,0,0,0,0,0,0,0,0,0,0,0,0,0,0,0,0,0,0,0,0,0,0,0,0,0,0,0,0,0,0,0,0,0,0,0,0,0,0,0,0,0,0,0,0,0,0,0,0,0,0,0,0,0,0,0,0,0,0,0,0,0,0,0,0,0,0,0,0,0,0,0,0,0,0,0,0,0,0,0,0,0,0,0,0,0,0,0,0,0,0,0,0,0,0,0,0,0,0,0,0,0,0,0,0,0,0,0,0,0,0,0,0,0,0,0,0,0,0,0,0,0,0,0,0,0
0,0,0,2,0,1,2,4,8,11,25,87,246,450,785,716,884,873,1408,2287,2191,1864,1662,1579,1687,2039,2640,3600,4253,5637,7141,9348,13200,18974,26408,16896,10298,6775,4459,3193,2339,1696,1456,1239,1272,1354,1441,1429,1306,1193,1107,1035,948,1001,831,565,527,476,448,384,362,382,484,595,793,619,426,301,167,103,48,48,31,25,27,21,20,15,14,7,23,23,30,16,11,4,9,5,4,5,5,4,3,5,1,2,2,1,1,2,0,1,1,0,1,0,0,0,0,1,0,0,0,0,1,1,0,0,0,1,0,0,0,0,0,1,1,0,0,1,0,1,0,0,0,0,0,0,0,0,1,0,0,0,0,0,0,1,0,0,0,0,0,0,0,0,0,1,0,0,0,0,0,0,0,0,0,0,0,0,0,0,0,0,0,0,0,0,0,0,0,0,0,0,0,0,0,0,0,0,0,0,0,0,0,0,0,0,0,0,0,0,0,0,0,0,0,0,0,0,0,0,0,0,0,0,0,0,0,0,0,0,0,0,0,0,0,0,0,0,0,0,0,0,0,0,0,0,0,0,0,0,0,0,0,0,0,0,0,0,0,0,0,0,0,0
0,0,1,0,1,3,5,2,8,11,14,50,151,315,453,639,822,851,1048,1878,2092,1997,1754,1580,1458,1581,1944,2525,3133,3946,4868,6000,8333,11786,16896,23730,14953,9683,6046,4114,2925,2177,1661,1376,1246,1328,1488,1389,1342,1310,1208,1069,1014,874,922,782,579,538,523,414,343,359,376,425,611,770,655,462,243,150,107,60,33,32,27,18,24,20,14,9,16,8,13,38,14,1,6,7,1,5,2,2,5,2,4,4,0,3,3,3,1,2,0,1,1,1,2,0,0,2,0,0,1,0,0,0,0,0,0,0,0,0,1,2,0,0,0,1,0,0,1,0,1,0,0,0,0,0,0,0,0,0,0,0,0,0,0,0,0,1,0,0,0,0,0,0,0,0,0,0,0,0,0,0,0,0,0,0,0,0,0,0,0,0,0,0,0,0,0,0,0,0,0,0,0,0,0,0,0,0,0,0,0,0,0,0,0,0,0,0,0,0,0,0,0,0,0,0,0,0,0,0,0,0,0,0,0,0,0,0,0,0,0,0,0,0,0,0,0,0,0,0,0,0,0,0,0,0,0,0,0,0,0,0,0,0,0,0,0,0,0,0,0,0,0,0
0,0,0,1,1,3,3,1,7,8,19,26,91,233,435,674,677,667,803,1507,1946,2083,1658,1486,1354,1347,1608,1915,2403,2869,3476,4336,5687,7103,10298,14953,19796,13496,8041,5270,3746,2528,2121,1678,1421,1379,1428,1426,1287,1311,1192,1067,1032,899,871,888,726,610,569,529,428,361,381,375,410,575,688,685,456,247,134,77,49,28,36,25,26,22,19,14,19,8,19,16,13,23,9,8,7,6,4,3,3,4,3,6,1,3,2,3,1,2,1,1,2,1,0,2,0,0,0,0,1,0,1,2,0,0,0,0,2,1,1,0,1,1,0,1,0,0,0,0,0,0,0,0,1,0,0,0,0,0,0,0,0,0,0,0,0,1,0,0,0,0,0,0,0,0,0,0,0,0,0,0,0,0,0,0,0,0,0,0,0,0,0,0,0,0,0,0,0,0,0,0,0,0,0,0,0,0,0,0,0,0,0,0,0,0,0,0,0,0,0,0,0,0,0,0,0,0,0,0,0,0,0,0,0,0,0,0,0,0,0,0,0,0,0,0,0,0,0,0,0,0,0,0,0,0,0,0,0,0,0,0,0,0,0,0,0,0,0,0,0,0,0,0
0,0,0,0,1,1,2,2,7,3,9,16,67,152,385,790,591,621,926,1201,1994,1981,1780,1569,1416,1315,1297,1610,1981,2180,2591,3207,4044,4870,6775,9683,13496,19210,11808,7386,4780,3359,2628,2064,1706,1520,1483,1355,1382,1344,1275,1207,1081,1034,923,915,831,814,608,615,526,380,427,397,371,442,557,700,701,521,296,137,74,43,35,24,39,19,26,21,13,13,9,5,14,12,8,6,6,8,6,7,4,7,2,2,6,4,0,3,4,3,4,4,0,1,1,2,0,4,1,1,2,0,0,0,2,3,0,3,0,0,1,1,0,1,0,0,0,0,0,0,0,1,0,0,0,0,0,0,0,0,0,0,0,0,0,0,1,0,0,0,0,0,0,0,0,0,0,0,0,0,0,0,0,0,0,0,0,0,0,0,0,0,0,0,0,0,0,0,0,0,0,0,0,0,0,0,0,0,0,0,0,0,0,0,0,0,0,0,0,0,0,0,0,0,0,0,0,0,0,0,0,0,0,0,0,0,0,0,0,0,0,0,0,0,0,0,0,0,0,0,0,0,0,0,0,0,0,0,0,0,0,0,0,0,0,0,0,0,0,0,0,0,0,0
0,0,0,0,1,2,0,5,4,4,6,17,43,120,238,819,481,488,760,861,1566,1790,1730,1746,1379,1177,1191,1367,1472,1799,1975,2410,2740,3499,4459,6046,8041,11808,16268,10699,6376,4298,3181,2475,1955,1767,1519,1420,1271,1283,1191,1191,1069,961,908,892,784,759,718,644,585,475,363,368,417,351,393,619,631,676,508,265,155,68,41,29,45,27,31,18,12,24,14,5,13,11,10,5,11,5,7,3,2,2,4,2,4,8,3,5,1,2,3,1,1,2,0,1,1,0,0,2,0,0,0,1,0,1,1,1,2,1,0,0,0,0,2,0,0,0,0,0,0,0,0,0,0,0,0,1,1,0,0,0,0,0,0,0,0,0,0,0,0,0,0,0,0,0,0,0,0,0,0,0,0,0,0,0,0,0,0,1,0,0,0,0,0,0,0,0,0,0,0,0,0,0,0,0,0,0,0,0,0,0,0,0,0,0,0,0,0,0,0,0,0,0,0,0,0,0,0,0,0,0,0,0,0,0,0,0,0,0,0,0,0,0,0,0,0,0,0,0,0,0,0,0,0,0,0,0,0,0,0,0,0,0,0,0,0,0,0,0,0,0,0,0
0,0,0,0,1,1,0,3,2,3,5,18,35,77,208,537,511,452,634,582,1164,1662,1589,1799,1581,1303,1161,1219,1278,1558,1743,1735,2033,2558,3193,4114,5270,7386,10699,15356,9820,6054,4199,3026,2506,1996,1647,1412,1319,1324,1299,1253,1175,1046,1032,921,851,772,704,814,706,599,505,386,384,357,354,419,556,680,629,460,271,138,76,39,43,33,31,30,27,14,19,12,10,17,8,9,7,10,7,9,3,7,6,7,2,2,3,4,3,3,2,1,3,1,1,2,3,1,1,0,0,2,0,1,0,1,1,0,0,0,0,0,0,0,0,1,0,0,0,0,0,0,0,0,1,0,0,0,0,0,0,0,0,0,0,0,0,0,0,0,0,0,0,0,0,0,0,0,0,0,0,0,0,0,0,0,0,0,0,0,0,0,0,0,0,0,0,0,0,0,0,0,0,0,0,0,0,0,0,0,0,0,0,0,0,0,0,0,0,0,0,0,0,0,0,0,0,0,0,0,0,0,0,0,0,0,0,0,0,0,0,0,0,0,0,0,0,0,0,0,0,0,0,0,0,0,0,0,0,0,0,0,0,0,0,0,0,0,0,0,0,0,0,0
0,0,0,0,0,0,5,1,0,1,1,9,17,58,193,265,520,401,558,590,757,1323,1429,1689,1731,1517,1109,1159,1233,1281,1645,1583,1676,1872,2339,2925,3746,4780,6376,9820,14192,9003,5744,4016,3088,2408,1856,1562,1457,1330,1316,1288,1223,1141,1016,956,897,810,744,706,709,724,591,481,413,352,360,385,485,577,634,553,427,243,140,80,42,31,24,33,24,32,18,19,8,16,9,11,14,10,8,7,4,5,7,5,1,3,0,4,0,3,4,3,1,1,2,2,0,1,1,0,2,0,1,0,2,1,0,0,0,0,0,0,0,0,0,0,1,1,0,1,0,0,0,0,1,0,1,0,0,0,0,0,0,0,0,0,0,0,0,0,0,0,0,1,0,0,0,0,0,0,1,0,0,0,0,0,0,0,0,0,0,0,0,0,0,0,0,0,0,0,0,0,0,0,0,0,0,0,0,0,0,0,0,0,0,0,0,0,0,0,0,0,0,0,0,0,0,0,0,0,0,0,0,0,0,0,0,0,0,0,0,0,0,0,0,0,0,0,0,0,0,0,0,0,0,0,0,0,0,0,0,0,0,0,0,0,0,0,0,0,0,0,0,0
0,0,0,0,0,0,1,1,3,2,3,5,10,36,135,193,337,399,381,436,596,967,1253,1499,1741,1623,1261,1094,1080,1216,1220,1399,1403,1414,1696,2177,2528,3359,4298,6054,9003,12420,8529,5333,3903,2989,2180,1705,1577,1321,1291,1184,1163,1139,1059,1013,900,797,764,702,640,635,653,617,429,409,356,372,368,533,611,569,553,411,201,145,58,41,36,32,29,23,27,15,21,19,13,6,9,3,9,11,8,7,4,7,2,8,8,5,4,4,1,4,3,0,3,2,3,2,2,0,1,1,0,1,1,0,0,1,1,2,1,0,1,1,0,0,1,0,0,0,0,0,0,0,0,1,0,1,0,0,0,0,0,0,0,0,0,0,0,0,0,0,0,0,0,0,0,0,0,0,0,0,0,0,0,0,0,0,0,0,0,0,0,0,1,0,0,0,0,0,0,0,0,0,0,0,0,0,0,0,0,0,0,0,0,0,0,0,0,0,0,0,0,0,0,0,0,0,0,0,0,0,0,0,0,0,0,0,0,0,0,0,0,0,0,0,0,0,0,0,0,0,0,0,0,0,0,0,0,0,0,0,0,0,0,0,0,0,0,0,0,0,0,0
0,0,0,0,0,0,0,3,5,5,2,3,14,19,86,169,286,353,413,470,474,798,1108,1370,1591,1808,1614,1253,1136,1233,1165,1260,1383,1310,1456,1661,2121,2628,3181,4199,5744,8529,12728,8283,5468,4011,2891,2143,1807,1493,1339,1243,1175,1170,1160,1095,1062,947,808,777,688,632,695,687,635,437,392,353,356,454,553,655,648,503,378,221,125,60,59,30,36,24,21,32,31,18,16,19,19,12,10,5,5,9,3,7,4,8,4,2,1,1,2,5,3,5,4,2,0,1,3,0,3,2,2,0,1,1,0,0,1,0,1,1,0,1,0,0,1,0,0,0,0,0,0,0,0,1,0,0,0,0,0,0,0,0,1,1,0,0,0,0,0,0,0,0,1,0,0,0,0,0,1,0,1,0,0,0,1,0,0,0,0,0,0,0,0,0,0,0,0,0,0,0,0,0,0,0,0,0,0,0,0,0,0,0,0,0,0,0,0,0,0,0,0,0,0,0,0,0,0,0,0,0,0,0,0,0,0,0,0,0,0,0,0,0,0,0,0,0,0,0,0,0,0,0,0,0,0,0,0,0,0,0,0,0,0,0,0,0,0,0,0,0,0,0
0,0,0,0,0,0,1,1,3,3,1,2,5,17,54,164,216,295,412,382,408,619,858,1060,1246,1550,1745,1622,1178,1207,1189,1120,1237,1223,1239,1376,1678,2064,2475,3026,4016,5333,8283,11588,7977,5348,3766,2794,1998,1689,1388,1177,1166,1151,1143,1048,1011,1004,924,800,700,679,618,605,669,615,467,384,367,408,460,566,651,508,473,347,189,98,59,36,40,27,25,24,26,25,23,16,19,12,15,6,7,8,12,6,11,5,7,6,5,4,2,4,2,2,3,4,2,1,3,1,0,3,0,0,2,1,3,1,0,1,0,0,1,0,0,0,0,0,0,0,0,0,0,2,0,0,0,0,0,1,0,1,0,0,0,0,0,0,0,0,0,0,0,0,0,0,0,0,0,0,0,0,0,0,0,0,0,0,0,0,0,0,0,0,1,0,0,0,0,0,0,0,0,0,0,0,0,0,0,0,0,0,0,0,0,0,0,0,0,0,0,0,0,0,0,0,0,0,0,0,0,0,0,0,0,0,0,0,0,0,0,0,0,0,0,0,0,0,0,0,0,0,0,0,0,0,0,0,0,0,0,0,0,0,0,0,0,0,0,0,0,0,0,0
0,0,0,0,0,0,1,1,2,1,1,1,9,9,91,92,131,279,335,421,388,521,800,964,986,1190,1540,1916,1605,1308,1261,1163,1279,1312,1272,1246,1421,1706,1955,2506,3088,3903,5468,7977,12582,8277,5140,3645,2664,1859,1558,1355,1219,1128,1155,1122,993,1071,982,859,787,734,719,617,631,640,578,500,462,413,427,470,613,602,561,437,268,142,73,41,43,34,34,24,27,35,27,32,20,19,13,10,11,11,8,5,7,2,9,4,7,6,6,1,4,5,5,5,6,2,2,3,2,0,2,3,0,0,0,2,0,0,1,0,1,1,2,0,0,0,0,0,1,0,0,0,0,1,0,0,0,0,0,0,1,0,0,1,0,1,0,0,1,1,0,0,0,0,0,0,0,0,0,0,0,0,0,0,0,0,0,0,0,0,0,0,0,0,0,0,0,0,0,0,0,0,0,0,0,0,0,0,0,0,0,0,0,0,0,0,0,0,0,0,0,0,0,0,0,0,0,0,0,0,0,0,0,0,0,0,0,0,0,0,0,0,0,0,0,0,0,0,0,0,0,0,0,0,0,0,0,0,0,0,0,0,0,0,0,0,0,0,0,0,0,0
0,0,0,0,0,0,0,0,2,2,1,2,6,2,66,59,114,182,308,360,345,415,630,971,878,918,1189,1504,1703,1608,1484,1466,1346,1288,1354,1328,1379,1520,1767,1996,2408,2989,4011,5348,8277,13422,8376,5117,3591,2484,1861,1523,1377,1169,1150,1106,1032,1043,1007,960,853,767,725,614,641,612,587,581,493,410,450,527,515,624,622,506,384,266,114,65,43,36,37,26,31,27,20,30,45,27,10,8,9,8,9,6,5,5,6,2,5,7,5,7,3,4,2,2,0,3,5,1,3,3,0,1,1,1,0,2,1,1,0,0,1,0,0,0,2,0,1,0,0,0,0,1,0,0,0,1,1,0,0,1,0,0,0,0,0,0,0,1,0,0,0,0,0,0,0,0,0,0,0,0,0,0,0,0,0,0,0,0,0,0,0,0,0,0,0,0,0,0,0,0,0,0,0,0,0,0,0,0,0,0,0,0,0,0,0,0,0,0,0,0,0,0,0,0,0,0,0,0,0,0,0,0,0,0,0,0,0,0,0,0,0,0,0,0,0,0,0,0,0,0,0,0,0,0,0,0,0,0,0,0,0,0,0,0,0,0,0,0,0,0,0,0
0,0,0,0,0,0,2,2,3,1,2,3,3,4,84,48,68,136,257,314,342,365,465,870,910,818,1018,1134,1413,1603,1465,1591,1512,1477,1441,1488,1428,1483,1519,1647,1856,2180,2891,3766,5140,8376,13446,7947,4547,3269,2431,1768,1471,1316,1152,1182,1081,982,961,1077,863,811,800,713,692,664,627,625,574,508,497,449,508,600,658,597,468,348,237,87,52,61,37,46,37,26,20,17,26,30,42,36,13,14,9,9,6,13,8,7,4,4,9,4,4,3,2,3,5,2,4,1,1,4,4,3,2,2,0,2,1,1,3,0,1,1,0,0,1,2,0,0,0,0,1,1,1,0,2,0,0,0,0,1,0,0,0,0,0,1,0,0,0,1,0,0,0,0,0,0,0,0,0,1,0,0,0,0,0,0,0,0,0,0,0,0,0,0,0,0,0,0,0,0,1,0,0,0,0,0,0,0,0,0,0,0,0,0,0,0,0,0,0,0,0,0,0,0,0,0,0,0,0,0,0,0,0,0,0,0,0,0,0,0,0,0,0,0,0,0,0,0,0,0,0,0,0,0,0,0,0,0,0,0,0,0,0,0,0,0,0,0,0,0,0,0
0,0,0,0,0,0,0,3,3,1,3,2,2,4,13,52,62,79,180,318,319,330,429,799,908,805,775,900,1100,1396,1404,1349,1341,1484,1429,1389,1426,1355,1420,1412,1562,1705,2143,2794,3645,5117,7947,12290,7732,4520,3220,2178,1703,1371,1291,1142,1159,1106,1014,1006,875,893,827,781,699,691,660,676,576,529,465,548,559,504,682,627,510,390,290,197,61,64,63,56,41,32,25,18,21,22,20,23,15,8,8,9,13,14,5,7,10,6,2,5,10,2,4,4,4,4,3,6,5,1,0,2,1,0,4,2,0,0,2,3,3,0,2,0,0,0,3,1,1,0,1,0,0,1,0,0,0,1,0,2,0,1,1,0,0,0,0,0,0,0,0,1,0,0,1,0,0,0,0,0,0,0,0,0,0,0,0,0,0,0,0,0,0,0,0,0,0,0,0,0,0,0,0,0,0,0,0,0,0,0,0,0,0,0,0,0,0,0,0,0,0,0,0,0,0,0,0,0,0,0,0,0,0,0,0,0,0,0,0,0,0,0,0,0,0,0,0,0,0,0,0,0,0,0,0,0,0,0,0,0,0,0,0,0,0,0,0,0,0,0,0,0
0,0,0,0,0,1,0,2,4,0,2,1,4,3,2,31,41,55,114,234,333,292,410,601,809,772,771,834,898,1080,1342,1237,1220,1329,1306,1342,1287,1382,1271,1319,1457,1577,1807,1998,2664,3591,4547,7732,11340,7066,4310,2908,2158,1660,1466,1232,1164,1096,1015,1018,908,846,861,777,741,653,683,647,614,555,532,505,585,567,602,631,566,382,361,286,138,48,60,45,51,43,37,31,24,19,14,17,17,16,8,9,7,7,9,8,9,14,10,1,2,3,3,5,4,2,0,5,3,1,3,5,2,5,2,1,0,1,4,1,0,1,0,1,0,1,0,0,0,0,1,0,1,1,0,0,0,0,1,1,1,0,2,0,0,0,0,0,0,0,1,0,0,0,0,0,0,0,0,0,0,0,0,0,0,0,2,0,0,0,0,0,0,0,0,0,0,0,1,0,1,0,0,0,0,0,0,0,0,0,0,0,0,0,0,0,0,0,0,0,0,0,0,0,0,0,0,0,0,0,0,0,0,0,0,0,0,0,0,0,0,0,0,0,0,0,0,0,0,0,0,0,0,0,0,0,0,0,0,0,0,0,0,0,0,0,0,0,0,0,0,0
0,0,0,0,0,0,0,1,0,1,1,1,2,3,4,27,33,47,75,150,287,338,331,531,673,790,725,731,752,846,1045,1244,1144,1181,1193,1310,1311,1344,1283,1324,1330,1321,1493,1689,1859,2484,3269,4520,7066,10606,6735,3903,2807,2130,1644,1355,1240,1104,1051,1010,871,861,834,811,843,688,687,682,657,613,535,519,587,584,588,617,602,602,401,301,187,115,60,54,48,58,28,35,35,22,19,27,19,13,18,14,7,11,10,7,12,9,9,4,8,4,6,2,4,4,7,4,2,1,5,2,3,2,2,3,1,0,1,0,2,0,0,0,0,1,0,2,0,0,0,0,2,1,0,0,0,1,0,2,0,0,1,0,0,0,1,0,0,0,1,1,0,0,0,0,0,0,0,0,0,0,0,0,0,0,0,0,0,0,0,0,0,0,0,0,0,0,0,0,1,0,0,0,0,1,0,0,0,0,0,0,0,0,0,0,0,0,0,0,0,0,0,0,0,0,0,0,0,0,0,0,0,0,0,0,0,0,0,0,0,0,0,0,0,0,0,0,0,0,0,0,0,0,0,0,0,0,0,0,0,0,0,0,0,0,0,0,0,0,0,0
0,0,0,0,0,0,1,0,2,0,2,2,5,3,5,25,25,25,61,111,178,310,249,418,504,703,703,781,700,662,853,1032,1098,1099,1107,1208,1192,1275,1191,1299,1316,1291,1339,1388,1558,1861,2431,3220,4310,6735,10026,6464,3825,2738,1987,1492,1316,1175,1141,1056,931,899,849,902,864,821,720,668,631,654,597,537,674,576,645,602,579,544,477,332,264,159,88,56,34,41,39,38,27,36,20,23,21,22,9,10,13,13,9,6,9,8,2,9,9,2,3,6,5,6,3,3,5,5,2,3,0,2,1,3,1,0,0,1,1,3,0,2,0,0,1,1,0,0,1,0,0,1,0,1,0,1,1,2,0,1,0,0,0,0,1,0,0,0,0,0,1,0,0,1,0,0,0,0,0,0,0,1,0,0,0,0,0,0,0,0,0,0,0,0,0,0,0,0,0,0,0,0,0,0,0,0,0,0,0,0,0,0,0,0,0,0,0,0,0,0,0,0,0,0,0,0,0,0,0,0,0,0,0,0,0,0,0,0,0,0,0,0,0,0,0,0,0,0,0,0,0,0,0,0,0,0,0,0,0,0,0,0,0,0,0,0,0,0,0,0
0,0,0,0,0,0,0,1,0,7,2,1,2,4,4,15,27,14,28,74,144,262,275,307,469,595,760,656,661,669,667,815,1051,1070,1035,1069,1067,1207,1191,1253,1288,1184,1243,1177,1355,1523,1768,2178,2908,3903,6464,9462,6053,3576,2534,1845,1534,1365,1215,1149,984,911,946,856,891,854,749,673,712,659,689,608,630,626,563,631,602,631,559,413,315,185,132,59,61,58,54,29,59,29,36,27,24,21,11,13,13,11,16,11,3,5,10,5,9,8,10,7,9,3,3,3,4,2,6,3,2,3,4,4,1,2,2,3,3,1,0,1,0,2,0,0,1,1,1,3,0,0,1,0,0,1,1,0,1,0,0,1,1,0,0,1,0,2,0,1,0,0,0,0,0,0,0,0,0,0,1,0,0,0,0,0,0,0,0,0,0,0,0,0,0,0,0,0,0,0,0,0,0,0,0,0,0,0,0,0,0,0,0,0,0,0,0,0,0,0,0,0,0,0,0,0,0,0,0,0,0,0,0,0,0,0,0,0,0,0,0,0,0,0,0,0,0,0,0,0,0,0,0,0,0,0,0,0,0,0,0,0,0,0,0,0,0,0,0,0
0,0,0,0,0,0,0,2,1,3,0,0,2,5,6,4,13,14,35,61,90,194,248,281,314,543,691,714,583,620,587,665,813,992,948,1014,1032,1081,1069,1175,1223,1163,1175,1166,1219,1377,1471,1703,2158,2807,3825,6053,9156,5528,3540,2474,1715,1517,1321,1306,1084,1026,877,821,846,895,836,762,747,726,692,695,598,651,578,597,644,647,594,415,360,270,166,85,65,43,40,42,67,35,31,21,27,19,17,17,11,11,10,9,9,6,10,4,6,7,10,4,5,5,3,5,5,2,2,6,5,3,4,2,2,2,1,1,0,2,3,1,1,1,2,1,0,0,0,0,1,1,1,3,1,1,0,0,0,0,0,0,1,0,0,0,1,0,0,1,0,0,0,0,0,0,0,0,0,0,0,0,0,0,0,0,0,0,0,0,0,0,0,0,1,0,0,0,0,0,0,0,0,0,0,0,0,0,0,0,0,0,0,0,0,0,0,0,0,0,0,0,0,0,0,0,0,0,0,0,0,0,0,0,0,0,0,0,0,0,0,0,0,0,0,0,0,0,0,0,0,0,0,0,0,0,0,0,0,0,0,0,0,0,0,0,0,0,0,0
0,0,0,0,0,0,1,0,2,1,2,2,2,0,1,6,13,23,32,64,59,144,185,234,269,371,707,738,566,579,579,585,588,794,1001,874,899,1034,961,1046,1141,1139,1170,1151,1128,1169,1316,1371,1660,2130,2738,3576,5528,8186,5508,3218,2253,1614,1386,1302,1137,1026,941,853,917,877,815,840,781,775,698,775,701,677,618,606,680,669,638,506,403,260,213,117,86,67,46,52,62,53,43,35,33,23,28,14,23,15,14,11,12,12,9,6,9,7,9,5,8,7,9,0,7,2,4,4,4,3,3,3,3,6,2,1,1,2,5,1,5,1,0,0,0,1,2,1,2,0,0,0,0,2,0,0,1,0,2,1,0,1,0,0,1,0,0,0,0,0,0,1,0,0,0,0,0,0,0,0,0,0,0,0,1,0,0,1,0,0,0,0,0,0,0,0,0,0,0,0,0,0,0,0,0,0,0,0,0,0,0,0,0,0,0,0,1,0,0,0,0,0,0,0,0,0,0,0,0,0,0,0,0,0,0,0,0,0,0,0,0,0,0,0,0,0,0,0,0,0,0,0,0,0,0,0,0,0,0,0,0,0,0,0,0,0,0,0
0,0,0,0,0,0,0,0,1,2,3,2,2,2,2,7,7,24,9,65,44,57,136,220,289,340,562,932,573,565,534,555,562,593,831,922,871,923,908,1032,1016,1059,1160,1143,1155,1150,1152,1291,1466,1644,1987,2534,3540,5508,8242,5277,3090,2094,1613,1407,1250,1100,1059,968,915,867,871,852,795,786,747,775,843,710,636,662,771,711,718,572,430,359,253,147,112,71,49,50,40,45,36,42,40,44,20,27,15,13,13,14,8,10,4,8,2,7,4,9,3,15,8,3,3,1,4,2,6,3,3,6,5,2,4,4,2,0,1,0,2,2,4,3,1,0,2,1,1,2,2,0,1,1,0,0,0,1,1,1,0,0,0,1,0,0,2,0,1,0,0,0,1,0,0,1,0,1,0,0,0,0,0,0,0,0,0,0,0,0,0,0,0,1,0,0,0,0,0,0,0,0,0,0,1,0,0,0,0,0,0,0,0,0,0,0,0,0,0,0,0,0,0,0,0,0,0,0,0,0,0,0,0,0,0,0,0,0,0,0,0,0,0,0,0,0,0,0,0,0,0,0,0,0,0,0,0,0,0,0,0,0,0,0,0,0,0,0
0,0,0,0,0,0,0,0,1,0,3,2,1,0,1,3,4,11,9,38,39,43,78,186,254,271,419,800,702,604,509,478,599,599,565,782,888,915,892,921,956,1013,1095,1048,1122,1106,1182,1142,1232,1355,1492,1845,2474,3218,5277,7984,5095,2878,1850,1542,1199,1119,1065,1003,943,919,849,867,864,869,855,885,903,890,710,735,747,771,744,564,433,401,265,237,136,84,63,56,39,51,37,41,46,24,25,26,16,14,19,14,13,9,9,17,10,13,9,5,8,2,6,8,2,5,6,5,2,5,3,3,1,2,4,3,3,1,1,2,1,0,1,0,2,0,1,0,1,0,0,1,0,1,2,0,0,0,1,0,1,0,0,0,1,1,0,0,1,2,0,0,0,0,0,1,2,0,0,1,1,0,0,0,1,0,0,0,0,0,0,0,0,0,0,0,0,0,0,0,0,0,0,0,0,0,0,0,0,0,0,0,0,0,0,0,0,0,0,0,0,0,0,0,0,0,0,0,0,0,0,0,0,0,0,0,0,0,0,0,0,0,0,0,0,0,0,0,0,0,0,0,0,0,0,0,0,0,0,0,0,0,0,0,0,0,0,0
0,0,0,0,0,0,0,0,0,1,1,0,0,1,1,0,2,30,9,15,33,42,62,111,189,259,381,548,824,744,595,504,478,499,527,579,726,831,784,851,897,900,1062,1011,993,1032,1081,1159,1164,1240,1316,1534,1715,2253,3090,5095,8834,4996,2541,1804,1411,1202,1109,1044,996,859,869,914,867,879,893,840,926,965,797,772,763,813,874,609,536,457,347,227,149,87,69,59,63,72,41,40,33,23,26,20,11,18,14,17,15,11,16,9,10,8,8,3,9,6,3,2,5,5,5,4,3,5,0,6,3,2,3,2,1,3,1,1,1,3,0,0,1,1,1,1,1,1,0,0,1,0,1,1,1,0,0,0,0,0,0,0,1,1,0,0,0,0,0,0,0,0,0,0,0,1,0,1,1,0,0,0,0,1,0,0,0,0,0,0,0,0,1,0,0,0,0,0,0,0,0,0,0,0,0,0,0,0,0,0,0,0,0,0,0,0,0,0,0,0,0,0,0,0,0,0,0,0,0,0,0,0,0,0,0,0,0,0,0,0,0,0,0,0,0,0,0,0,0,0,0,0,0,0,0,0,0,0,0,0,0,0,0,0,0,0
0,0,0,0,0,0,1,0,0,0,1,2,2,3,1,2,3,31,20,12,19,17,36,60,120,211,324,422,582,882,632,551,411,453,476,538,610,814,759,772,810,797,947,1004,1071,1043,982,1106,1096,1104,1175,1365,1517,1614,2094,2878,4996,8038,4776,2551,1706,1465,1197,1052,1055,953,945,922,968,921,933,946,996,918,983,837,870,841,885,688,578,505,363,276,238,107,86,70,69,63,41,48,38,24,23,24,19,16,24,14,17,8,12,13,10,5,6,16,5,11,7,9,5,6,6,4,6,7,2,2,5,7,4,2,5,2,5,2,2,4,2,3,4,0,0,1,1,0,1,1,1,0,0,0,0,0,1,1,0,1,0,0,1,0,0,0,0,0,0,0,0,0,0,0,0,0,0,1,0,0,1,0,0,1,0,0,0,0,0,0,0,0,0,0,0,0,1,0,0,0,0,1,0,0,0,0,0,0,0,0,0,0,0,0,0,0,0,0,0,0,0,0,0,0,0,0,0,0,0,0,0,0,0,0,0,0,0,0,0,0,0,0,0,0,0,0,0,0,0,0,0,0,0,0,0,0,0,0,0,0,0,0,0,0,0,0
0,0,0,0,0,0,0,0,0,1,0,1,1,0,2,0,3,40,18,11,27,29,28,49,66,162,259,410,448,683,826,564,366,434,448,523,569,608,718,704,744,764,808,924,982,1007,961,1014,1015,1051,1141,1215,1321,1386,1613,1850,2541,4776,7492,4565,2256,1658,1416,1115,1052,1030,948,934,947,953,961,982,944,991,988,953,866,862,874,818,602,542,411,358,282,138,97,101,74,55,58,58,53,47,30,31,22,22,19,17,21,15,10,15,14,16,6,9,7,8,6,3,7,6,2,9,0,3,3,2,3,2,2,5,2,1,2,2,0,1,4,3,3,1,0,1,3,3,2,1,0,0,0,0,1,0,0,1,0,0,0,0,0,0,0,1,0,0,0,1,0,0,0,0,0,0,0,0,0,0,0,0,0,0,0,0,0,0,0,0,0,0,0,0,0,0,1,0,0,0,0,0,0,0,0,0,0,0,0,0,0,0,0,0,0,0,0,0,0,0,0,0,0,0,0,0,0,0,0,0,0,0,0,0,0,0,0,0,0,0,0,0,0,0,0,0,0,0,0,0,0,0,0,0,0,0,0,0,0,0,0,0,0,0,0,0
0,0,0,0,0,0,0,0,0,1,0,0,0,2,1,2,5,59,26,13,14,39,69,48,48,85,183,348,390,472,933,745,530,398,384,414,529,615,644,814,706,702,777,800,859,960,1077,1006,1018,1010,1056,1149,1306,1302,1407,1542,1804,2551,4565,7974,4168,2302,1714,1326,1252,1126,1071,1083,1028,1077,1033,1087,1030,1030,1021,1095,1006,914,987,838,768,630,516,421,335,198,131,106,94,70,59,77,48,58,56,37,34,28,23,19,16,16,15,8,21,15,5,8,9,15,11,6,4,6,6,3,6,6,4,3,3,2,0,3,1,6,2,4,2,3,0,2,3,1,0,0,2,0,1,2,0,1,0,3,0,1,1,0,0,0,0,0,0,0,0,0,0,0,0,0,0,0,1,1,1,0,1,0,1,1,0,0,0,0,0,0,0,1,0,0,0,0,0,0,0,0,0,0,0,0,0,0,0,0,0,0,0,0,0,0,0,0,0,0,0,0,0,0,0,0,0,0,0,0,0,0,0,0,0,0,0,0,0,0,0,0,0,0,0,0,0,0,0,0,0,0,0,0,0,0,0,0,0,0,0,0,0,0,0,0,0,0,0,0,0,0
0,0,0,0,0,0,0,0,0,1,1,0,1,1,2,2,1,2,20,10,16,26,33,58,33,45,105,179,344,396,528,835,602,402,362,343,428,526,585,706,709,640,688,700,787,853,863,875,908,871,931,984,1084,1137,1250,1199,1411,1706,2256,4168,6118,3606,2025,1541,1365,1169,1071,1073,1021,983,1009,1088,1055,1004,1051,1084,1024,958,928,858,714,587,518,461,347,221,146,124,114,68,45,63,42,30,33,44,31,27,18,18,14,13,14,15,15,9,14,7,7,6,8,10,7,8,5,4,1,4,6,9,3,3,2,3,5,5,4,3,1,6,2,4,5,0,3,1,0,1,2,0,1,3,3,0,0,0,2,0,0,1,0,1,0,0,1,1,0,2,0,0,0,1,0,0,0,1,0,2,0,0,0,0,0,0,0,0,0,1,0,0,0,0,0,0,0,0,0,0,0,0,0,0,0,0,0,0,0,0,0,0,0,0,0,0,0,0,0,0,0,0,0,0,0,0,0,0,0,0,0,0,0,0,0,0,0,0,0,0,0,0,0,0,0,0,0,0,0,0,0,0,0,0,0,0,0,0,0,0,0,0,0,0,0,0,0,0
